Target Statistics:
==================================================
Cgd[1,2]:
  Mean: 0.303143
  Std:  0.085873
  Min:  0.150017
  Max:  0.449256

Cgd[1,3]:
  Mean: 0.164413
  Std:  0.020453
  Min:  0.130007
  Max:  0.199966

Cgd[0,2]:
  Mean: 0.164588
  Std:  0.020133
  Min:  0.130005
  Max:  0.199975

