Target Statistics:
==================================================
Cgd[1,2]:
  Mean: 0.229714
  Std:  0.128809
  Min:  0.000026
  Max:  0.448885

Cgd[1,3]:
  Mean: 0.098322
  Std:  0.058437
  Min:  0.000019
  Max:  0.199902

Cgd[0,2]:
  Mean: 0.098822
  Std:  0.057522
  Min:  0.000016
  Max:  0.199928

